720
756
750
729
614
640
718
589
542
771
752
749
714
794
266
800
722
773
553
591
651
716
106
151
728
600
341
755
607
736
537
742
727
785
801
546
41
595
791
759
726
745
606
734
520
554
649
739
725
847
519
777
555
719
787
524
583
946
982
28
392
969
996
713
803
573
548
613
707
324
774
735
197
721
856
610
906
987
630
730
590
338
733
242
86
605
269
609
596
608
769
852
305
601
838
850
10
874
597
822
80
544
1006
694
134
954
1005
848
835
732
313
746
811
860
612
271
760
764
709
831
779
855
660
666
857
887
611
793
913
895
639
753
616
731
757
991
189
235
978
909
770
908
652
766
715
598
21
873
670
695
980
549
723
1000
552
576
588
647
706
97
853
767
795
754
740
790
792
354
751
964
938
641
681
273
623
893
903
642
1003
581
604
357
521
107
432
665
602
254
650
772
692
635
989
974
626
693
880
582
1001
818
788
110
648
407
802
697
263
876
929
798
253
24
325
840
286
915
921
824
618
303
370
243
172
603
135
146
162
712
319
761
834
708
72
789
323
863
96
291
213
973
192
659
687
272
265
300
171
599
748
823
255
176
258
289
743
711
636
661
861
336
662
673
768
858
813
833
565
698
705
619
559
958
654
514
342
228
578
837
965
947
841
821
275
967
804
812
999
628
968
995
117
875
385
710
557
550
977
737
543
849
810
78
678
744
796
570
103
679
854
572
976
997
295
638
765
130
259
962
476
845
376
951
825
881
214
797
963
799
971
786
775
886
891
815
762
807
1002
724
758
957
558
629
806
657
830
569
643
780
865
364
351
6
522
702
890
928
143
950
45
232
703
994
283
133
634
923
832
358
677
696
57
676
631
301
142
40
174
556
571
916
675
1004
222
55
360
926
644
699
914
208
741
808
397
277
816
683
637
898
842
309
956
379
314
940
389
671
846
817
185
691
883
704
910
67
646
859
645
927
200
340
391
870
170
930
152
173
984
878
686
562
344
32
334
900
298
353
862
782
186
717
942
280
65
864
339
39
127
331
93
944
901
575
624
594
986
975
317
952
663
64
178
94
961
877
672
738
668
820
843
784
912
361
355
141
240
904
972
925
180
251
924
869
551
937
169
917
814
839
983
879
615
805
284
278
567
988
503
689
312
386
632
955
566
3
653
633
563
931
959
622
701
828
829
75
966
574
627
155
844
541
866
747
195
778
90
690
932
892
140
700
77
664
992
667
658
252
445
244
564
682
680
63
580
819
194
359
896
399
868
58
933
688
960
91
948
763
561
674
560
362
29
684
577
979
327
383
889
783
981
899
267
335
985
220
949
809
888
164
867
294
781
902
212
621
884
617
918
239
99
92
330
380
116
434
302
276
299
61
363
871
288
625
144
943
89
851
579
836
87
326
52
328
249
540
776
920
953
238
945
18
826
922
374
970
669
939
82
181
990
84
905
897
935
5
998
219
993
109
132
139
187
221
320
568
168
656
941
685
882
73
934
264
911
137
827
224
198
872
262
23
160
205
907
285
936
585
125
279
218
321
69
36
201
202
9
367
620
62
311
894
352
655
308
547
919
261
245
161
247
44
885
124
48
384
473
396
223
128
365
343
499
405
56
81
131
98
136
12
165
356
119
234
257
123
230
190
66
296
233
408
204
83
381
59
387
7
366
150
306
126
293
516
372
513
292
492
388
196
428
478
193
113
50
105
307
532
2
401
287
199
475
177
76
70
49
158
539
316
350
444
268
436
375
348
0
115
430
250
592
315
491
398
411
468
154
466
30
227
270
427
426
68
523
422
593
304
183
442
586
545
147
206
346
20
191
509
22
517
108
485
371
477
390
429
101
148
182
225
449
4
378
157
460
416
431
486
587
536
414
175
229
504
118
281
373
120
159
226
310
347
329
531
42
424
535
203
538
412
100
51
377
528
333
188
368
417
463
470
236
502
423
145
511
420
34
111
85
207
74
393
256
439
495
79
459
16
458
506
512
533
435
526
129
260
54
584
122
345
290
501
349
246
456
394
19
297
415
25
31
510
163
1
382
534
418
443
33
179
465
282
138
464
274
8
481
441
419
474
184
337
467
241
529
527
515
525
402
11
231
483
518
209
153
26
60
507
508
530
457
446
369
433
46
318
421
17
451
400
505
455
471
498
413
462
156
438
500
490
450
454
461
469
410
409
497
166
95
38
493
453
484
440
488
53
167
406
211
487
448
479
322
43
248
121
452
112
216
403
494
14
88
215
489
37
237
217
395
47
27
149
496
447
480
332
114
472
71
437
35
15
482
13
104
210
102
425
404
