728
727
726
725
731
715
732
847
640
759
720
729
750
756
718
752
800
742
649
739
794
716
722
734
651
736
771
773
755
714
777
801
785
856
848
791
749
721
811
745
853
833
723
852
706
803
746
818
855
793
652
795
921
740
707
753
802
748
824
641
639
770
863
840
713
642
850
712
650
760
733
670
822
769
681
719
831
730
838
849
780
830
874
766
798
661
694
789
635
711
659
767
693
861
797
832
786
757
754
779
823
695
790
812
799
825
817
846
570
792
787
735
857
678
724
662
761
858
772
881
768
841
762
876
816
696
788
698
743
708
705
636
657
665
796
565
806
854
821
677
925
663
666
691
842
751
758
765
648
810
692
571
709
835
963
845
637
687
860
660
804
870
964
680
866
646
744
737
643
924
634
873
923
829
664
778
844
814
948
700
864
702
862
887
741
704
682
690
807
808
886
782
875
834
989
880
679
774
697
647
686
813
638
820
932
676
859
703
629
644
966
622
826
878
883
935
625
819
809
828
815
575
738
877
783
889
653
764
630
781
568
894
868
869
674
949
937
671
672
898
658
717
763
667
960
891
683
920
990
805
623
673
865
918
941
993
656
684
559
710
775
994
628
688
701
893
558
645
962
569
904
905
827
953
992
872
919
669
934
945
943
675
884
685
836
911
907
936
784
912
572
998
851
839
939
627
560
899
626
931
655
896
654
979
981
976
916
621
547
867
944
915
668
959
563
952
917
578
882
579
871
689
564
562
928
890
566
902
580
776
885
747
567
633
975
961
955
837
967
973
699
940
933
897
879
561
942
892
551
985
970
988
900
888
843
632
956
930
922
986
617
631
1004
938
927
620
585
983
901
947
999
950
926
556
910
972
615
984
957
965
982
929
1000
971
1003
895
958
951
977
624
574
573
903
1005
969
996
597
601
974
605
909
581
913
980
549
914
599
968
978
997
596
991
603
602
619
1002
543
582
618
954
1001
906
995
550
987
576
557
908
946
544
604
1006
609
552
612
598
611
613
616
600
614
542
589
607
548
554
553
606
537
591
520
546
519
555
583
524
595
588
522
577
541
594
514
590
610
608
521
540
516
539
592
523
593
517
545
509
586
477
535
584
529
525
481
512
538
504
587
486
536
511
465
527
467
534
526
495
533
501
506
528
531
502
510
515
530
471
469
500
413
505
462
438
461
454
498
451
507
483
31
464
418
474
446
46
508
457
518
8
463
491
499
306
513
428
485
400
409
410
34
473
227
476
5
29
265
445
432
532
415
490
95
493
38
484
453
440
488
53
406
479
216
494
88
447
35
71
15
480
437
114
472
13
210
104
102
332
425
482
404
47
37
237
215
217
27
395
496
149
489
14
121
211
112
452
43
448
322
248
403
487
316
50
76
355
166
167
497
434
7
478
503
116
444
6
39
115
466
113
372
325
259
386
344
245
105
229
49
78
2
4
460
0
287
475
468
350
317
492
200
298
360
54
16
19
209
318
226
145
22
225
426
30
304
175
449
246
470
207
416
153
456
337
310
402
118
184
241
290
459
79
236
111
122
412
414
368
458
85
431
417
159
51
378
260
419
441
435
346
26
60
282
423
377
17
369
450
20
329
274
256
345
33
443
382
429
433
156
455
203
297
163
188
101
120
179
421
138
231
11
442
129
347
100
393
349
315
158
42
74
375
420
154
371
348
430
191
439
394
333
25
373
147
424
281
183
206
1
436
422
401
108
182
398
307
23
62
59
390
148
157
427
411
308
36
9
352
408
119
131
293
150
291
45
397
396
222
327
208
407
289
146
117
110
10
86
107
392
354
389
132
305
269
3
82
202
160
24
52
44
165
18
178
192
195
319
388
405
387
126
205
384
196
356
12
56
219
125
218
228
238
136
40
80
286
314
98
92
341
28
106
324
97
151
41
263
21
172
266
313
134
93
359
271
103
221
32
99
312
376
244
212
84
201
174
214
363
58
330
142
328
72
223
55
243
87
380
81
367
204
343
48
123
73
285
224
155
277
164
65
295
335
67
283
267
220
152
69
193
292
399
180
140
288
299
130
139
77
284
302
326
109
374
351
75
262
309
364
89
170
331
311
365
124
264
141
279
321
249
83
257
276
383
294
91
213
334
320
362
137
300
128
366
296
247
144
303
127
57
63
161
336
176
323
361
198
94
391
342
96
143
258
338
181
232
340
197
353
370
185
280
252
173
357
64
186
168
379
251
171
242
169
61
301
272
275
162
255
135
240
189
194
273
230
239
278
339
358
90
133
187
233
199
177
268
270
68
250
70
190
66
381
261
234
385
253
254
235
