744
745
746
739
750
747
749
728
748
773
741
742
740
743
718
757
727
720
726
752
770
716
769
729
715
779
796
810
724
737
719
777
795
730
738
800
753
798
774
707
714
786
794
733
751
721
864
641
722
755
797
766
706
803
846
793
642
734
710
725
704
717
804
758
736
732
811
818
639
703
764
756
723
754
690
640
767
784
824
847
817
780
852
760
759
785
771
823
705
863
651
807
787
666
731
681
765
768
802
862
825
821
812
711
702
853
799
709
866
788
735
708
861
661
856
762
792
822
783
650
855
670
816
772
648
700
682
806
801
778
653
680
699
652
776
643
857
805
667
657
713
789
636
761
683
693
664
843
658
831
781
701
838
649
635
845
665
674
691
848
791
854
669
638
712
874
878
678
819
646
858
637
808
850
832
809
844
679
695
865
921
782
659
662
684
694
820
840
883
881
876
814
790
931
920
647
660
763
644
675
860
842
671
873
870
815
692
880
826
872
849
925
663
892
677
887
830
868
919
869
891
775
886
859
813
645
654
839
673
877
676
668
929
930
689
827
871
875
924
935
885
851
836
934
841
943
932
837
922
937
672
687
945
634
923
928
656
688
879
828
893
835
698
899
939
940
629
829
938
686
926
933
697
696
833
946
902
655
624
898
889
912
685
948
950
936
896
623
884
867
917
882
897
905
944
894
947
941
963
628
962
888
901
927
949
625
942
964
966
955
630
979
633
952
918
626
910
890
991
907
900
904
911
622
965
978
960
956
617
992
631
982
632
903
967
951
895
975
909
627
984
958
834
988
953
961
993
972
957
621
990
999
959
968
916
989
981
572
983
570
619
906
908
579
578
954
599
571
913
573
969
620
994
980
914
977
915
575
1000
568
973
970
560
986
998
1002
976
985
603
996
604
566
618
611
605
601
576
997
987
974
565
561
1001
614
580
971
1003
562
1004
569
1006
615
567
563
598
607
602
995
609
600
547
610
608
616
564
558
581
613
559
585
574
612
1005
592
586
589
597
549
577
557
582
594
556
593
606
596
591
590
546
543
587
542
595
545
583
544
551
584
552
548
555
550
588
554
537
521
539
553
541
538
531
516
540
526
536
520
524
522
527
533
528
523
474
529
517
518
510
514
525
530
532
535
534
519
508
504
511
509
476
477
515
512
465
473
506
479
507
472
513
475
484
483
499
481
500
505
464
469
503
466
485
471
480
488
468
478
463
486
498
487
502
467
489
496
491
495
493
501
497
461
490
492
470
494
448
482
446
447
449
457
445
462
459
444
458
413
419
460
416
442
456
450
418
436
455
437
454
438
443
415
451
429
401
412
441
417
453
400
424
431
452
421
409
414
420
425
435
423
411
432
428
422
434
408
439
433
406
426
440
427
404
407
396
410
7
430
405
402
6
395
403
399
398
390
305
393
5
218
397
9
8
389
306
217
1
4
10
392
226
394
49
223
0
317
209
286
11
45
279
298
297
287
210
225
220
121
308
391
119
43
59
307
42
219
213
288
216
311
227
101
315
118
310
314
2
280
341
50
221
31
316
3
34
95
104
92
112
349
140
120
15
113
46
276
229
72
215
85
388
51
142
192
278
267
107
214
125
211
284
268
84
265
89
33
86
212
259
289
13
304
97
299
37
302
111
291
368
35
222
73
245
146
38
366
324
325
77
124
281
108
81
301
18
80
123
303
292
71
82
69
144
62
224
44
327
78
285
348
258
93
52
29
53
30
350
228
246
386
244
380
36
340
48
331
100
91
247
326
102
295
115
137
74
277
83
293
54
387
330
14
208
282
309
376
342
103
300
283
346
76
79
70
41
343
294
128
296
339
60
145
319
384
88
40
87
332
358
17
360
373
266
99
337
356
28
39
338
381
329
312
47
153
127
365
252
269
201
318
122
117
12
370
274
90
154
143
94
230
369
191
353
106
313
263
200
378
32
96
197
198
377
19
367
383
27
248
139
379
275
75
199
56
55
335
116
16
273
374
114
193
363
231
67
109
243
138
110
375
328
362
232
58
257
126
264
152
130
382
272
359
148
241
290
354
147
98
347
207
184
160
20
188
63
355
361
179
352
68
251
57
105
61
320
345
271
357
260
141
372
321
65
323
149
249
25
242
253
178
64
21
262
351
23
22
334
66
364
129
196
190
26
336
136
344
135
322
155
151
159
156
204
183
189
133
235
132
195
24
185
173
182
131
333
202
371
385
180
206
186
164
237
150
233
270
194
177
255
161
187
261
239
240
157
169
256
158
203
234
166
205
250
254
168
181
238
134
163
176
171
236
162
174
172
165
167
170
175
