94
65
57
66
58
64
67
63
68
24
21
22
23
167
170
165
185
182
178
33
77
53
47
78
40
96
87
19
20
262
232
260
95
113
101
88
37
93
107
111
112
100
56
122
126
321
320
74
90
124
41
121
119
171
172
54
311
302
308
75
177
196
55
85
97
180
248
208
191
79
133
132
80
243
253
71
176
181
336
334
83
16
110
149
135
179
202
82
251
242
72
81
166
195
73
131
206
17
86
103
127
61
333
203
70
183
323
62
38
233
234
29
28
152
151
128
117
223
227
219
91
361
359
106
89
163
173
42
43
52
162
76
109
164
190
114
98
35
250
256
59
34
50
157
14
15
105
161
168
32
11
10
102
130
3
13
189
48
25
39
2
188
138
141
294
318
186
205
270
332
44
240
174
365
367
360
296
175
31
92
316
298
26
169
322
8
9
104
300
339
84
60
292
327
254
255
377
381
313
312
281
342
221
268
317
297
236
159
324
291
295
343
69
120
371
385
261
374
383
187
51
347
136
156
319
134
293
36
376
372
27
358
380
379
235
364
99
125
118
194
155
158
129
0
1
5
4
137
344
285
184
108
160
247
230
30
351
150
309
354
116
207
197
356
204
238
214
259
193
115
139
329
330
355
237
363
231
335
284
239
382
340
287
341
314
46
352
199
378
331
222
123
143
153
265
272
362
353
147
264
200
229
228
299
328
275
18
249
146
271
148
201
258
12
213
225
369
337
263
357
198
257
346
325
145
326
241
45
310
303
290
144
301
283
273
49
370
252
154
338
218
375
304
220
387
245
350
278
246
267
345
274
269
289
266
373
348
140
212
386
307
282
224
276
286
288
244
366
142
215
306
277
384
368
192
315
211
388
280
279
209
216
210
391
349
393
390
305
226
7
217
394
6
398
402
395
392
389
399
405
404
403
397
396
400
428
423
401
422
409
439
434
426
427
430
421
435
410
420
431
440
408
424
406
429
441
433
407
432
425
415
417
411
452
453
412
450
414
454
451
416
419
413
436
442
443
418
437
438
455
458
462
460
444
456
445
449
446
457
448
447
459
502
498
493
482
501
494
488
480
490
496
461
492
467
497
487
489
485
495
491
503
463
470
471
486
483
481
468
469
464
500
484
466
465
472
475
478
479
477
499
476
473
505
506
513
504
474
515
519
508
512
507
510
509
511
514
534
518
525
530
535
532
529
533
523
517
522
516
527
526
520
528
540
536
538
524
537
541
531
521
539
553
549
554
593
584
588
550
556
595
594
545
546
586
582
589
583
585
543
542
544
551
548
552
555
592
591
606
581
596
590
587
608
567
610
601
577
612
600
605
568
609
560
563
1006
564
614
558
557
547
618
561
559
562
1001
1003
574
1004
1005
620
603
974
616
613
580
611
908
914
578
607
619
959
573
576
615
571
625
995
897
913
996
957
894
961
992
604
599
962
988
984
977
954
1002
565
569
566
617
981
911
989
965
631
888
623
906
627
953
978
907
979
990
991
622
575
828
994
969
940
951
955
947
905
634
997
998
916
915
946
1000
949
875
902
889
924
928
985
986
963
937
900
968
893
633
930
935
833
597
602
598
885
626
871
938
835
922
890
895
950
790
943
976
972
827
960
834
945
948
872
880
829
841
849
624
837
799
983
993
628
920
629
923
877
870
869
632
572
859
830
676
903
901
688
932
933
927
686
685
630
873
809
987
971
970
689
781
579
570
621
687
919
934
941
884
966
925
944
939
887
638
921
831
672
698
645
899
929
806
844
836
813
845
670
821
691
692
636
635
812
699
860
649
803
648
842
667
820
840
848
668
701
801
847
832
815
709
878
851
839
660
653
697
696
783
797
775
651
666
772
680
700
647
850
703
862
785
866
956
967
975
711
659
982
952
958
910
904
909
882
964
867
856
690
805
681
874
876
931
868
980
999
973
918
926
942
886
712
718
658
650
717
912
936
917
646
792
693
855
787
735
665
637
714
879
898
896
838
757
853
707
763
727
865
857
756
819
825
734
793
843
854
864
804
861
671
663
641
716
863
643
768
752
807
852
846
639
702
724
780
642
720
779
738
751
776
664
728
694
695
773
754
750
715
726
778
794
657
661
713
708
796
795
725
891
892
782
719
640
858
814
808
810
798
743
777
683
684
784
786
760
745
883
881
826
675
677
655
656
654
739
774
770
729
721
764
765
761
753
789
788
791
733
737
736
755
824
822
823
704
722
682
769
705
706
740
710
731
652
818
817
811
673
669
644
662
800
802
816
742
741
746
744
747
748
749
762
758
759
732
723
730
766
771
767
674
679
678
