717
681
690
780
776
778
779
718
707
716
773
720
680
641
640
719
715
705
706
722
704
702
726
725
714
724
749
748
747
650
658
651
743
745
755
639
708
713
728
840
847
671
663
643
855
838
853
850
866
856
672
703
701
668
667
660
775
647
659
738
721
729
665
735
727
777
683
684
648
677
675
810
798
692
657
664
661
744
746
700
832
815
698
666
852
807
846
750
754
751
786
784
646
649
740
861
645
670
709
653
638
873
925
863
635
636
699
821
734
792
712
803
794
741
742
848
693
637
845
864
804
642
695
694
644
669
662
831
812
752
710
731
652
820
945
872
922
797
785
783
733
920
923
691
887
844
801
836
813
806
689
809
870
859
921
919
676
679
678
674
878
739
757
763
869
830
837
902
924
871
865
857
697
696
880
825
819
851
839
800
802
816
829
841
835
833
756
860
827
805
682
673
849
793
787
862
737
736
774
770
687
686
842
760
761
753
877
730
732
723
843
854
711
885
685
900
811
817
818
766
767
771
781
931
868
799
876
874
963
946
932
790
930
764
765
769
944
939
948
795
796
688
762
758
759
824
823
822
889
893
940
928
905
875
943
772
934
941
768
937
938
881
883
826
947
814
858
808
628
935
886
633
629
927
933
906
788
789
791
966
884
965
907
888
828
782
891
892
654
655
656
901
903
626
624
867
882
964
911
899
929
913
617
623
627
890
895
949
916
915
912
917
936
962
942
918
926
978
979
955
950
896
879
898
993
983
914
961
632
630
572
834
960
894
897
959
991
990
981
1000
972
976
954
951
953
989
992
957
619
620
578
571
968
998
997
910
904
909
969
973
999
980
994
631
625
982
958
952
1002
996
975
956
967
977
573
988
984
986
985
634
995
908
603
1006
974
618
614
1005
1003
1004
576
615
611
580
579
570
621
1001
616
613
575
622
574
577
970
987
971
607
612
605
604
599
606
582
600
568
581
583
610
567
592
586
609
608
598
597
602
561
589
595
594
564
560
563
593
591
566
565
569
562
559
601
587
590
596
552
555
588
584
548
551
557
558
547
554
556
553
585
546
545
550
549
543
544
542
521
539
537
538
540
524
520
522
536
526
541
531
516
523
528
527
517
518
529
533
532
535
530
525
534
511
514
519
512
507
508
509
513
515
504
510
505
506
474
499
473
476
475
478
472
464
477
479
484
466
465
469
468
471
470
500
467
483
503
481
480
490
488
487
489
485
493
502
498
486
494
497
482
491
496
501
463
492
461
495
459
460
458
462
447
448
416
413
419
457
451
454
445
449
456
446
438
437
452
453
450
436
442
444
443
455
418
414
412
415
417
405
404
403
411
432
439
434
433
441
429
435
425
422
409
423
428
406
410
407
440
427
426
431
424
420
421
408
430
401
396
398
402
400
397
393
390
395
389
392
399
394
391
7
6
305
210
211
388
209
9
8
11
10
5
4
1
0
192
212
219
223
227
154
140
153
138
141
226
217
329
330
248
208
191
386
387
373
280
279
306
14
15
142
276
277
2
3
13
184
201
200
132
133
145
147
178
182
185
101
95
113
198
348
146
384
204
228
225
213
311
308
302
349
216
247
230
370
148
224
269
244
215
139
137
214
259
252
376
372
17
19
20
130
315
274
263
249
264
129
119
121
268
221
149
135
131
143
144
265
159
246
245
120
118
125
369
155
160
150
136
171
172
180
122
124
126
273
266
158
116
115
99
128
127
117
304
179
202
272
275
100
112
156
218
111
107
176
181
286
289
288
241
271
170
165
167
307
242
251
314
243
253
157
262
232
260
366
199
163
162
222
282
301
299
303
123
134
194
385
371
166
316
298
16
365
367
297
317
267
239
238
237
368
375
220
63
68
67
338
256
250
45
285
379
381
377
12
197
193
207
168
49
350
151
152
174
342
281
64
58
66
258
161
177
196
378
353
106
114
337
92
31
234
233
175
26
110
169
186
164
257
229
339
300
98
109
187
343
295
173
383
374
52
335
43
42
363
231
46
235
254
108
27
189
203
183
359
361
287
284
341
328
38
62
310
190
30
18
360
296
312
313
65
57
94
261
81
103
72
331
195
206
60
352
345
255
344
362
205
188
48
44
327
292
332
290
283
22
23
347
104
24
21
340
293
309
357
278
105
25
326
346
324
291
322
325
53
47
382
35
91
50
34
77
33
294
318
78
40
28
61
29
319
76
364
358
380
69
240
236
270
356
354
84
336
334
36
51
321
320
355
88
333
323
59
351
89
79
85
97
32
39
102
87
96
71
83
54
41
80
82
73
70
86
37
93
56
75
55
74
90
