210
425
404
104
102
13
482
71
437
217
332
395
15
47
27
114
35
472
149
37
489
237
480
496
447
215
88
494
14
112
216
403
248
479
322
121
43
448
452
211
487
406
167
53
488
440
484
453
493
38
95
166
497
409
410
469
500
461
413
450
454
490
438
462
156
498
400
505
455
471
451
17
421
60
446
26
318
507
433
46
530
369
457
508
231
11
153
209
518
483
419
402
138
274
464
184
8
441
474
282
481
111
525
337
467
85
529
51
515
465
297
527
25
241
16
34
394
145
458
534
420
179
33
31
459
443
511
19
1
377
345
510
382
260
122
415
423
159
246
418
368
207
54
456
502
506
584
100
226
417
256
587
290
349
512
79
120
533
435
163
350
470
20
495
501
439
182
347
236
316
229
175
393
535
310
74
528
463
129
188
526
203
333
329
148
414
486
539
504
281
424
183
346
42
536
416
101
412
373
538
431
30
225
466
157
378
375
118
460
531
485
449
371
206
429
4
390
108
227
509
191
442
477
348
398
422
517
22
491
586
304
270
593
545
428
0
147
411
315
427
115
426
154
436
468
50
430
68
105
401
478
268
70
193
523
158
444
177
199
2
76
475
49
592
250
307
287
113
372
532
513
292
116
434
516
196
388
387
306
126
492
150
293
499
405
7
366
59
165
473
119
356
190
66
12
381
396
234
384
343
245
136
655
302
83
296
408
380
233
230
261
141
257
56
98
355
160
204
218
998
689
62
308
123
361
23
962
503
988
945
311
205
44
894
161
9
684
352
344
201
620
131
81
367
69
262
279
386
885
445
202
249
312
39
32
6
247
5
907
223
547
244
935
919
321
36
125
55
276
24
975
238
540
29
362
952
127
351
48
583
632
107
339
979
524
522
299
900
285
562
146
826
330
252
340
18
939
317
259
585
219
776
139
986
953
168
137
99
936
82
187
298
360
124
132
178
940
181
264
40
240
328
221
872
64
200
320
905
567
92
363
844
993
325
577
265
904
927
934
128
521
365
627
195
871
943
374
747
778
669
300
342
94
625
594
476
278
845
61
353
239
866
379
432
73
911
926
109
327
897
990
922
918
152
314
164
568
144
198
334
288
970
284
624
397
326
944
914
868
228
973
272
84
52
383
864
827
787
882
972
840
912
277
941
663
93
930
357
896
888
575
958
784
155
810
173
78
566
867
665
621
331
719
224
135
656
130
58
87
180
222
890
399
89
617
712
902
925
603
702
875
514
172
208
928
946
142
90
541
212
966
564
578
901
3
781
889
174
170
359
576
560
391
633
574
258
884
41
920
294
836
389
213
171
162
654
956
220
955
658
364
653
984
243
301
678
809
816
699
805
194
899
965
588
777
933
879
335
176
906
267
967
937
563
253
851
647
985
837
251
1004
741
910
808
169
700
995
685
997
949
870
192
819
580
117
283
309
783
275
686
602
843
110
674
65
376
601
917
189
981
869
960
690
133
829
710
604
892
976
143
961
232
950
280
556
289
987
820
67
385
688
550
701
644
622
235
924
683
839
931
45
370
659
948
671
91
557
959
978
558
631
660
814
817
291
850
615
757
628
731
140
63
832
691
838
551
648
983
646
75
664
733
77
185
599
561
862
303
821
798
634
596
612
666
746
676
667
763
96
968
616
358
544
597
842
977
590
753
849
856
295
994
951
579
878
932
991
828
789
571
572
552
680
865
854
706
21
255
703
687
682
559
782
704
581
677
974
761
679
608
942
717
623
721
645
242
916
254
675
103
947
804
743
730
758
957
737
954
637
598
214
286
815
915
913
846
618
811
319
57
1006
650
883
989
548
10
877
863
751
982
792
570
305
923
992
769
662
273
802
732
338
605
271
887
681
841
643
825
822
407
354
629
797
780
793
323
861
186
86
893
610
543
799
715
696
999
626
786
852
582
611
708
1000
881
336
619
97
874
812
898
694
738
971
635
80
555
788
707
668
964
709
697
873
134
876
830
895
996
980
859
903
724
860
818
672
549
609
642
313
735
963
748
613
263
72
760
835
1003
1001
774
630
909
639
823
269
573
766
848
969
392
938
693
831
641
853
880
806
764
891
1005
723
28
657
744
857
929
772
921
569
762
775
151
324
833
807
770
692
1002
652
197
908
790
779
638
847
670
695
765
886
745
661
824
834
739
855
565
705
754
796
519
801
791
636
785
740
742
595
813
673
713
803
795
546
698
106
711
767
600
725
553
727
728
734
726
649
759
591
858
768
606
341
773
755
714
554
736
520
537
542
771
794
716
607
651
749
752
722
589
266
800
720
756
750
718
640
614
729
