744
748
747
750
739
773
745
746
741
749
728
742
718
757
740
727
770
779
752
769
743
726
720
715
729
716
714
751
810
796
864
803
786
797
774
717
724
798
794
721
722
737
795
846
753
755
793
777
725
641
766
719
704
811
800
733
730
754
642
818
817
738
710
734
706
784
787
852
639
764
758
707
780
756
640
681
847
731
804
767
771
690
705
760
723
768
863
703
823
824
732
778
759
666
736
651
801
802
861
702
853
785
650
816
765
807
792
825
821
652
682
862
788
812
762
866
806
856
799
709
783
711
857
680
713
700
683
643
661
761
772
708
735
822
670
667
805
712
776
648
845
657
855
789
636
658
665
653
838
878
635
693
781
664
699
674
646
865
809
844
691
921
854
819
701
808
638
848
874
831
782
637
858
649
678
791
850
669
684
832
679
843
659
694
883
820
814
881
662
920
790
876
647
675
872
931
842
925
695
840
868
660
887
873
644
763
919
692
892
860
891
886
870
677
839
849
880
815
671
826
668
813
645
859
775
869
663
654
830
922
877
875
673
871
841
836
885
837
672
923
945
828
689
676
851
943
879
827
924
928
932
688
634
939
937
687
698
893
833
835
938
946
899
656
829
930
686
936
884
655
697
629
685
896
898
935
889
902
940
929
926
696
934
624
882
944
905
947
912
927
948
933
941
867
962
950
949
897
628
963
917
633
625
955
964
623
942
901
888
894
952
918
630
966
979
907
626
910
632
951
965
991
900
911
903
890
982
622
909
984
631
975
904
617
956
834
895
960
978
993
958
967
627
992
953
621
959
961
990
972
957
988
916
981
968
999
989
579
572
954
983
570
571
913
906
980
578
573
969
915
619
908
977
575
914
599
560
994
620
976
1000
973
568
604
1002
566
618
996
565
985
974
970
986
603
998
1003
605
1001
615
614
997
561
562
611
569
971
987
601
576
580
1006
567
1004
563
995
564
574
547
613
585
602
607
581
598
600
608
609
559
1005
616
610
558
612
589
549
597
592
557
586
594
577
582
556
606
543
596
546
590
593
591
542
545
583
587
544
595
551
584
552
548
550
555
588
554
537
521
539
553
541
538
531
516
540
526
536
520
524
522
527
533
474
517
523
528
529
518
510
514
525
530
532
535
534
519
504
511
509
508
476
515
477
512
465
479
472
473
507
506
513
475
484
483
499
481
500
505
464
503
469
466
485
471
488
480
468
478
463
498
487
486
502
467
489
491
496
495
493
501
497
461
490
492
470
448
494
482
446
447
457
462
449
445
459
444
458
413
419
460
416
442
418
456
436
455
450
454
415
438
443
437
451
429
401
441
417
412
453
431
400
424
409
421
452
425
414
420
435
423
433
434
411
439
408
432
422
440
426
406
428
427
404
407
7
396
403
430
405
410
399
6
402
395
398
305
390
393
5
217
397
218
9
8
306
1
10
389
0
394
392
4
45
49
11
219
226
317
279
209
216
227
223
288
314
220
307
225
286
121
210
43
287
297
308
118
42
2
280
298
59
119
104
3
50
213
120
101
221
391
15
341
315
34
311
310
113
46
95
51
31
92
316
302
229
142
85
112
140
265
388
349
192
72
267
214
125
107
276
222
268
215
111
86
97
69
284
53
108
278
259
84
14
115
52
62
212
44
89
211
38
289
325
291
36
299
13
33
303
228
281
81
77
368
224
71
146
29
324
246
327
83
301
82
292
326
304
73
18
245
282
37
144
285
258
93
80
100
123
343
244
387
350
319
35
331
48
283
338
12
356
386
208
366
380
295
309
78
54
124
74
360
348
293
79
60
91
365
47
346
76
70
30
17
137
145
300
41
247
342
40
88
128
373
103
330
122
296
266
294
340
153
87
102
376
358
277
275
117
337
329
332
318
383
201
154
56
191
381
339
39
96
370
312
252
28
197
127
200
94
384
199
313
274
369
230
99
269
90
106
32
130
198
367
19
243
114
248
116
273
263
379
126
355
143
353
55
58
152
184
147
110
16
378
354
363
138
75
257
139
232
207
193
328
27
241
109
374
377
160
359
272
375
148
347
251
264
362
231
67
382
68
63
290
335
98
179
61
372
23
178
25
196
361
345
20
351
260
26
364
323
141
271
105
21
156
57
242
344
262
188
66
149
352
65
320
334
357
249
183
190
321
204
253
22
336
189
155
171
159
135
64
182
136
129
237
239
151
322
195
150
166
256
194
233
132
255
131
202
133
157
185
235
261
333
371
177
385
158
173
24
161
270
164
206
240
180
169
187
203
186
234
175
205
176
163
238
250
181
254
168
134
174
165
172
162
167
236
170
