748
744
747
750
739
773
745
746
741
749
728
742
718
757
740
727
770
779
752
769
743
726
720
715
729
716
714
751
810
796
864
797
786
803
724
717
774
798
721
794
722
737
795
846
753
755
793
777
811
733
725
641
800
704
730
719
754
766
706
734
710
784
642
787
738
817
818
852
764
758
639
707
756
681
847
640
690
780
731
705
767
804
760
771
723
768
863
824
759
666
736
778
703
823
732
651
785
802
861
801
702
853
650
816
765
807
792
825
652
821
788
683
812
862
866
762
700
682
761
806
713
856
643
680
661
857
772
799
709
711
783
708
657
855
845
789
648
776
712
735
636
805
822
667
670
658
665
653
635
878
838
693
781
664
699
674
646
865
809
844
691
921
649
637
858
678
791
854
850
669
782
831
638
848
819
874
808
701
679
832
684
883
843
659
694
820
814
881
662
920
790
925
872
842
675
876
931
647
840
695
868
668
859
763
813
660
671
849
887
644
919
880
873
826
775
645
839
886
877
677
869
870
673
875
692
815
871
892
663
922
891
860
654
830
841
836
945
672
885
837
828
923
689
676
851
943
827
879
924
928
688
939
698
932
833
937
634
946
835
938
941
893
899
950
687
962
933
867
948
949
656
927
829
897
930
936
884
686
926
628
696
902
940
929
655
912
898
934
697
889
896
935
944
624
905
882
629
685
947
963
917
955
625
964
633
623
942
630
901
952
966
894
888
918
979
907
626
910
951
632
965
991
911
900
903
890
982
622
909
984
967
627
992
958
631
993
978
834
956
895
960
953
621
617
975
904
959
961
990
972
957
988
916
981
968
999
989
579
572
954
570
983
571
913
906
980
578
573
969
915
619
908
575
977
914
599
976
560
620
994
1000
973
568
604
1002
566
618
996
565
985
974
970
986
603
998
1003
605
1001
615
614
997
561
569
611
971
562
987
601
576
580
1006
567
1004
563
995
564
602
574
607
581
598
585
600
613
608
547
609
559
1005
616
610
558
612
589
549
597
592
557
586
594
577
582
556
606
543
596
546
590
593
591
542
545
583
587
544
595
551
584
552
548
550
555
588
554
537
521
539
553
541
538
531
516
540
526
536
520
524
522
527
533
474
517
523
528
529
518
510
514
525
530
532
535
534
519
504
511
509
508
476
515
477
512
465
479
472
473
507
506
513
475
484
483
499
481
500
505
464
503
469
466
485
471
488
480
468
478
463
498
487
486
502
467
489
491
496
495
493
501
497
461
490
492
470
448
494
482
446
447
457
462
449
445
459
444
458
413
419
460
416
442
418
456
436
455
450
454
415
438
443
437
451
429
401
441
417
412
453
431
400
424
409
421
452
425
414
420
435
423
433
434
411
439
408
432
406
422
426
440
428
427
404
407
7
396
403
430
410
405
399
6
402
395
398
305
390
393
5
217
397
218
9
8
389
10
1
306
0
219
279
226
317
11
49
394
209
45
392
4
43
297
287
101
298
121
210
42
216
50
308
221
280
104
59
3
2
118
213
119
120
286
85
265
225
391
227
31
302
92
15
112
34
46
316
307
310
222
140
311
51
107
288
314
113
214
142
229
276
267
220
125
223
388
95
72
341
315
349
268
192
108
215
53
111
259
84
278
14
97
115
86
52
69
18
146
144
71
81
387
284
93
289
208
29
368
228
350
12
13
33
292
89
281
82
36
62
299
77
380
78
319
224
212
303
246
285
325
44
327
324
37
48
291
211
73
282
245
326
338
38
123
283
54
40
331
244
100
258
83
295
366
309
356
343
124
128
386
80
304
360
296
301
145
35
137
70
74
247
348
293
294
76
17
79
376
365
300
266
346
117
30
88
275
91
340
41
373
47
39
342
329
103
87
122
277
358
60
370
153
330
96
337
102
28
269
154
197
56
312
75
339
369
191
381
273
201
116
106
252
332
230
32
313
90
384
198
193
383
274
263
199
200
367
318
130
127
19
152
99
94
379
232
58
139
110
207
355
353
114
248
378
243
184
126
257
143
147
16
55
148
363
138
362
231
328
354
375
67
272
347
374
251
27
359
241
109
377
264
160
382
179
98
61
68
63
335
290
361
372
196
345
23
20
25
178
260
351
323
364
156
352
320
334
271
188
344
262
105
357
149
249
26
65
141
57
21
242
66
64
182
183
136
190
129
239
135
237
204
253
163
321
238
168
181
134
250
254
151
22
322
336
176
174
159
195
165
170
172
171
167
236
162
189
155
205
256
175
234
166
186
203
150
187
261
173
180
270
131
206
158
169
235
240
164
177
24
161
385
185
255
194
371
233
202
157
333
133
132
