727
726
728
725
731
715
732
847
759
640
750
720
756
729
718
736
651
800
742
752
771
649
739
734
794
755
773
722
749
714
716
785
791
801
777
745
856
721
733
803
707
760
853
766
746
811
652
793
848
852
639
706
770
642
670
753
641
740
723
802
681
650
798
824
818
850
769
855
795
863
833
789
748
767
822
874
693
921
754
713
735
757
712
635
730
787
719
838
831
694
792
857
779
840
659
861
849
570
743
790
661
695
708
881
765
678
737
780
786
662
698
797
758
762
724
744
705
830
636
823
761
812
711
768
876
799
832
821
788
648
854
841
772
825
858
657
677
643
565
665
751
806
846
646
696
796
687
666
660
860
709
804
816
741
637
864
817
571
842
778
691
663
925
702
810
887
835
692
704
866
700
672
844
690
924
870
862
629
845
647
873
963
644
682
763
686
634
782
671
820
664
680
738
703
679
623
964
880
764
875
638
807
886
859
717
877
923
697
989
774
630
834
898
883
813
673
878
819
932
829
948
667
966
805
653
575
676
808
869
625
935
814
658
783
674
826
684
889
809
781
688
622
868
894
568
656
896
685
884
683
558
628
710
891
645
937
828
654
559
815
775
865
994
675
960
992
899
949
990
836
993
669
560
701
920
882
919
872
904
962
893
626
569
627
655
547
953
934
905
885
827
911
998
867
979
943
918
747
912
572
578
784
931
851
776
939
941
936
579
959
839
689
907
564
580
981
668
621
563
567
945
871
944
890
976
837
967
916
879
566
928
915
973
562
699
902
633
952
897
917
955
975
631
843
888
940
617
561
585
620
900
556
551
985
961
986
632
933
970
988
910
1004
892
983
972
922
615
942
926
927
956
901
930
947
971
999
1000
938
950
984
574
624
1003
597
601
895
929
957
965
958
977
974
982
996
605
969
573
909
596
1005
602
599
914
951
903
991
603
549
968
997
619
582
581
980
543
1002
995
550
618
557
978
913
576
604
987
906
1006
598
609
954
544
612
552
908
1001
611
616
613
946
600
589
542
614
607
548
554
537
553
591
606
520
519
555
546
595
583
524
588
522
541
577
594
514
610
608
590
521
540
516
539
592
523
593
517
545
509
586
477
535
584
529
525
481
512
538
504
587
486
536
511
465
527
467
534
526
495
533
501
506
528
531
502
510
515
530
471
469
500
413
505
462
438
461
454
498
451
507
483
31
418
464
474
446
46
508
457
518
8
463
491
428
499
513
306
485
400
409
410
34
227
473
445
476
432
265
5
29
532
415
490
95
453
484
38
493
440
488
53
406
479
216
494
88
447
480
437
35
15
114
472
71
482
104
13
102
425
210
404
332
496
395
149
47
237
215
489
27
37
217
14
403
112
121
452
322
43
487
448
248
211
167
166
497
316
478
434
355
503
7
116
50
76
444
466
115
113
372
6
386
344
325
39
259
245
468
105
475
287
350
0
229
460
4
2
298
317
200
360
78
492
49
449
54
175
226
16
153
19
145
426
416
246
209
318
402
456
225
30
22
304
207
310
412
414
118
459
337
290
470
431
368
417
79
122
184
241
441
419
458
111
85
236
260
435
378
423
159
429
346
51
377
382
282
369
450
17
421
433
138
26
60
156
455
274
20
442
256
179
443
129
329
163
188
420
231
11
345
393
100
203
347
101
375
154
120
297
33
349
147
422
315
371
348
436
430
401
158
191
424
373
439
394
74
1
42
281
398
427
108
148
182
25
333
390
206
157
183
411
307
352
59
9
23
408
150
308
62
293
396
36
119
131
397
146
289
291
222
117
407
45
208
327
132
389
110
269
107
305
392
86
10
354
3
160
202
18
82
388
405
165
387
178
319
24
192
195
125
356
196
12
44
126
52
219
384
136
238
218
205
56
98
92
40
228
314
286
97
80
324
341
41
106
266
151
28
271
172
376
214
263
134
313
21
103
312
244
93
174
142
359
99
363
81
380
221
201
204
367
32
87
328
212
330
84
58
224
139
73
55
277
243
72
155
285
292
193
223
343
123
69
267
164
48
374
220
130
295
152
65
140
335
399
283
351
180
77
109
383
288
264
141
67
124
365
294
309
170
299
276
326
89
279
321
362
331
364
75
137
249
302
311
284
262
296
366
83
257
320
361
91
247
144
336
323
303
334
300
176
213
127
379
161
168
128
198
181
391
251
57
232
370
143
63
94
353
342
340
96
185
252
173
258
242
197
338
171
280
194
186
169
255
189
272
357
273
275
162
135
240
133
61
90
301
64
187
230
239
358
339
278
233
199
177
268
270
68
250
70
190
381
66
261
234
385
235
253
254
