170
175
167
165
172
174
134
254
181
171
163
236
238
168
176
162
205
234
256
250
169
158
161
166
187
206
203
186
255
164
173
270
150
194
239
261
22
177
185
131
334
182
371
240
157
233
23
262
66
333
156
237
132
202
24
21
351
151
322
133
204
364
64
180
336
136
195
190
320
155
179
260
178
241
242
159
321
129
271
385
361
183
357
148
105
189
372
61
68
106
149
235
141
20
160
196
313
139
251
232
26
135
344
290
188
184
275
362
248
347
98
147
75
207
264
63
354
353
199
253
25
323
126
379
57
328
109
58
27
345
272
257
382
273
352
193
116
67
96
65
231
355
200
32
335
375
249
56
363
138
374
359
12
110
76
152
79
356
28
117
55
197
367
263
198
87
230
383
94
70
377
19
16
274
332
370
114
369
252
358
191
154
384
143
269
243
304
40
296
283
88
339
69
97
90
130
39
319
82
18
300
33
54
378
266
246
122
293
127
312
373
228
282
144
360
103
329
102
340
153
330
294
13
60
86
128
145
295
14
48
47
381
99
71
277
83
301
285
91
326
44
137
387
17
247
244
115
78
342
380
36
376
337
74
281
208
80
346
338
41
327
309
212
108
77
292
299
52
140
350
343
365
224
258
265
38
53
386
276
62
124
93
325
81
366
120
324
201
30
89
46
100
331
348
318
222
349
278
125
112
302
268
267
368
107
245
192
142
284
95
388
146
104
84
29
229
73
37
34
289
113
221
259
211
35
72
123
50
15
303
85
31
92
214
341
291
220
111
118
225
121
43
310
3
314
311
316
42
219
227
215
307
280
213
59
2
119
51
315
216
210
101
11
287
279
288
297
391
0
308
223
298
286
45
209
49
317
10
394
392
226
8
4
389
217
218
397
306
9
5
1
393
403
395
399
6
305
398
390
402
405
430
410
7
396
407
406
439
433
408
434
426
404
422
440
425
414
420
432
427
411
428
435
409
423
421
417
452
412
441
431
424
401
443
438
453
400
415
454
451
437
429
455
418
436
450
456
442
416
460
419
413
458
444
459
462
445
457
449
447
446
482
448
494
470
492
490
461
497
495
493
501
491
496
489
467
502
487
498
486
463
478
468
488
480
471
485
466
503
469
464
505
500
481
499
483
484
475
513
472
506
507
479
473
465
512
515
477
476
509
511
504
508
519
534
535
532
525
530
514
510
518
517
529
474
523
528
533
527
522
524
520
536
526
540
516
531
538
541
553
539
521
537
554
588
550
555
548
552
584
551
544
583
543
587
545
542
595
594
546
590
582
596
556
612
1005
597
591
592
549
557
593
577
606
589
564
558
574
586
563
585
616
598
581
609
602
995
559
600
613
567
608
547
1004
610
615
565
607
1006
561
1001
569
614
997
576
611
605
974
601
1003
562
618
580
971
987
566
985
1000
603
568
996
604
575
976
1002
915
969
970
620
977
973
619
560
980
914
571
573
578
906
994
908
986
998
579
570
954
913
599
983
572
981
989
916
909
627
975
958
984
834
631
992
982
895
632
956
617
961
978
960
988
972
965
968
953
951
903
993
626
967
991
622
959
900
890
918
910
904
911
907
957
621
949
625
927
952
990
944
894
633
630
999
884
979
917
955
867
905
966
947
628
926
964
898
942
962
889
933
938
882
833
829
963
697
623
686
912
941
888
901
946
685
896
950
629
897
902
696
936
940
948
624
929
655
689
934
656
939
930
928
879
634
836
668
899
885
687
698
851
923
922
672
937
688
835
935
828
924
841
945
827
893
932
837
871
875
943
673
676
654
813
839
860
877
872
645
842
873
886
859
870
925
887
671
663
849
677
815
692
892
675
830
869
891
931
790
814
880
826
775
921
868
782
919
840
865
854
820
659
662
694
684
850
819
644
808
883
695
832
669
646
920
678
878
679
637
791
874
858
844
763
647
809
660
649
876
848
712
658
881
638
635
845
838
701
665
843
789
781
831
664
636
761
691
674
683
682
693
762
700
713
792
856
806
772
648
857
650
822
855
670
661
776
699
652
783
657
653
801
667
643
861
805
816
680
778
708
866
705
863
862
681
802
807
825
735
765
651
787
771
759
666
821
823
788
709
812
768
785
711
731
824
847
817
702
780
799
853
784
704
767
852
690
760
804
864
640
717
793
641
818
758
723
725
846
639
642
754
811
764
756
710
803
721
722
703
736
732
734
797
706
755
766
786
798
724
753
737
800
794
719
733
751
777
738
810
795
774
730
714
707
796
769
779
729
715
716
770
752
726
720
727
757
718
742
743
741
740
748
773
728
749
747
750
739
746
745
744
