727
674
719
679
640
714
639
720
678
721
682
715
677
729
650
716
641
657
661
660
663
647
658
671
643
642
665
735
652
726
725
728
724
853
844
731
653
646
718
659
710
842
856
846
803
865
850
866
854
805
857
832
683
673
826
886
845
690
860
806
648
825
838
931
700
667
702
708
713
807
852
792
793
798
883
881
847
711
712
670
701
666
681
703
802
800
843
855
819
840
822
654
810
794
786
784
823
645
818
811
817
717
785
804
816
943
709
651
691
692
831
925
824
848
839
686
687
668
922
871
934
926
859
636
635
685
734
707
851
638
797
864
801
861
942
939
918
672
737
849
887
869
863
876
874
868
821
812
900
923
901
680
649
879
948
941
893
736
885
862
836
813
907
828
689
688
676
699
877
949
837
827
898
896
944
761
738
830
858
938
927
880
947
945
875
873
799
910
909
899
747
743
808
750
809
745
744
746
814
820
684
675
928
933
829
774
783
905
790
904
946
920
921
919
779
870
890
955
753
760
754
756
872
669
664
662
644
924
903
833
815
841
706
722
704
705
895
978
656
776
775
778
777
902
935
930
917
936
912
940
982
655
892
782
891
878
959
929
932
751
937
889
884
963
888
742
780
752
835
991
958
952
773
795
796
979
984
951
961
781
964
867
966
956
950
757
763
976
1000
983
758
988
962
882
770
953
965
1002
990
975
967
749
834
981
960
977
969
911
972
755
748
906
637
695
693
694
974
894
996
762
759
765
764
698
696
908
791
788
787
789
957
697
630
632
992
993
897
628
916
772
768
723
733
732
730
633
741
740
739
1001
915
914
913
631
634
572
627
626
989
619
629
624
623
771
767
766
769
954
986
994
985
1006
999
980
968
998
997
1003
1004
1005
973
625
571
617
578
620
573
971
987
995
970
621
579
570
622
575
611
618
580
568
604
614
599
615
574
576
613
609
608
605
610
603
601
606
600
616
589
595
581
577
569
594
612
582
583
567
597
598
602
607
566
593
560
564
561
563
559
562
565
591
586
596
590
587
592
558
584
588
585
549
550
554
547
557
553
546
556
551
544
542
552
555
548
543
545
521
539
524
538
537
536
540
541
531
528
527
525
520
523
516
517
522
526
529
533
530
532
535
511
534
518
512
508
509
514
515
513
510
507
504
519
506
505
474
473
476
475
479
478
472
465
466
469
477
468
471
499
470
467
464
484
486
500
463
492
461
483
481
485
503
489
487
491
488
490
480
498
493
497
502
501
495
496
494
482
459
460
462
458
457
449
448
447
445
444
413
416
419
450
446
442
456
438
437
453
431
418
412
455
436
452
443
415
411
417
429
407
406
421
433
451
432
454
414
408
422
424
427
426
434
439
435
441
440
428
423
430
425
410
409
420
405
404
403
401
396
398
402
395
393
390
400
389
399
397
394
392
9
10
8
391
386
373
388
305
6
209
211
210
5
0
7
154
279
192
140
153
198
387
208
280
184
276
277
178
180
182
185
372
371
385
370
376
204
200
201
139
348
191
1
4
349
248
227
219
223
196
189
177
203
212
213
225
216
176
141
264
224
181
263
249
269
384
119
121
243
242
251
217
287
214
361
265
271
118
125
120
124
288
286
252
230
267
228
247
218
253
142
148
246
226
354
356
16
20
17
19
297
316
317
298
375
374
383
215
130
128
11
157
162
144
244
221
268
220
259
369
241
266
163
175
2
3
13
14
256
171
172
367
152
126
127
122
202
173
179
165
167
166
170
159
158
155
156
137
138
229
343
136
377
379
381
174
306
186
347
359
237
273
380
358
123
150
362
307
169
363
258
235
250
365
12
168
151
161
164
26
285
281
207
117
129
146
145
183
135
131
239
231
147
143
206
195
245
160
193
197
352
351
199
315
366
278
357
344
190
194
133
205
188
132
187
260
232
262
283
311
308
21
24
23
22
364
350
274
275
382
355
240
270
233
302
378
292
319
327
299
301
149
303
314
282
368
255
290
238
261
234
134
254
353
293
257
222
342
295
272
360
336
340
296
345
304
331
236
325
341
329
338
284
330
18
324
116
289
291
346
15
337
328
294
318
313
300
339
335
310
332
326
312
323
322
333
30
321
334
309
320
115
113
101
95
108
31
92
99
106
114
109
107
111
25
105
100
72
110
50
36
45
49
27
98
28
46
112
64
58
66
59
52
61
29
102
81
42
71
70
44
34
51
104
63
67
65
38
85
62
35
82
73
86
83
84
69
40
78
77
79
68
94
76
103
53
55
47
60
91
80
97
41
87
57
75
90
32
89
39
74
96
48
93
54
88
33
56
43
37
