733
723
732
730
771
767
769
766
704
722
706
746
744
644
664
669
662
740
741
694
695
693
637
745
759
762
764
765
747
742
705
739
743
755
748
725
726
707
749
796
773
795
711
712
758
641
760
753
728
708
713
682
678
777
702
756
754
775
776
675
684
737
720
761
724
763
774
778
734
817
818
811
721
802
800
768
751
716
661
657
729
679
750
727
703
794
714
677
674
786
640
719
784
642
779
715
700
798
807
852
757
752
639
647
663
738
736
770
810
772
862
643
668
690
717
683
646
651
816
792
793
681
863
648
667
718
673
838
659
876
874
868
710
804
785
635
636
731
912
917
936
665
735
671
680
650
843
805
857
686
687
652
855
691
780
692
658
819
840
797
824
823
866
846
660
653
861
806
645
701
883
881
822
850
939
944
853
787
788
847
638
848
854
801
782
878
689
891
892
864
825
670
935
930
902
698
696
666
803
865
709
649
699
931
919
688
676
921
920
845
789
856
685
844
697
654
886
826
821
980
999
968
808
832
791
783
842
781
814
812
860
815
672
656
851
918
942
858
887
813
836
839
820
849
655
833
841
831
827
923
873
975
967
941
948
943
960
834
981
925
809
899
970
971
987
995
869
932
929
973
926
829
871
632
630
910
909
877
937
830
922
949
880
934
990
952
958
627
626
799
870
835
989
963
889
859
900
901
898
896
628
940
938
976
1000
828
997
998
953
966
994
790
624
951
950
837
945
879
927
982
875
905
956
872
633
885
946
985
986
629
928
884
882
895
978
904
933
867
893
924
991
984
964
634
907
1002
623
903
947
972
631
983
572
969
888
955
992
621
579
961
622
575
988
911
890
570
957
977
993
965
619
979
954
962
959
916
906
913
974
625
915
894
897
1005
1004
617
914
996
1003
578
571
597
607
602
598
620
576
615
908
1001
599
573
596
586
591
611
604
580
574
603
1006
562
559
561
560
618
590
587
564
606
600
569
568
614
609
610
565
613
566
563
605
616
577
608
567
601
592
548
555
552
581
612
551
556
594
583
582
585
589
558
595
588
584
557
547
553
593
549
550
554
542
546
543
544
545
521
539
538
524
536
531
537
541
540
516
517
527
520
526
528
522
523
525
529
533
518
532
535
530
534
514
511
510
508
512
509
515
504
507
513
519
476
473
506
505
474
475
472
479
477
465
499
469
478
466
484
464
471
468
500
470
503
483
481
486
463
485
502
501
487
489
495
492
491
480
488
490
496
461
497
493
498
494
482
467
459
458
457
460
462
447
448
449
456
446
444
445
442
438
436
455
437
453
443
450
418
452
416
419
413
412
429
451
454
431
435
441
414
425
434
439
400
420
409
432
433
430
415
411
417
428
410
404
440
427
426
423
405
403
422
424
408
396
407
406
421
401
397
305
389
399
392
394
279
390
393
6
402
395
398
349
216
7
280
210
391
286
288
217
277
276
209
368
306
287
5
211
315
366
348
388
384
329
140
369
252
304
341
226
282
278
362
246
0
307
357
266
142
215
214
258
139
244
345
350
298
1
4
387
123
265
198
192
228
330
259
338
317
229
49
367
316
45
356
241
297
325
271
148
354
245
269
153
230
331
273
224
247
222
50
386
373
295
274
375
337
289
267
257
42
328
275
342
145
146
363
218
264
370
344
154
374
383
313
378
18
272
380
358
204
365
376
144
249
263
353
382
283
212
95
31
343
310
208
355
116
339
201
284
108
30
36
324
101
248
377
92
200
381
113
46
147
335
300
237
379
291
290
332
213
236
372
281
285
141
346
261
225
239
118
235
115
191
371
385
134
364
125
268
221
220
361
234
314
312
256
120
15
231
303
250
52
12
51
34
138
137
136
152
143
35
104
117
11
84
238
127
122
260
43
326
99
150
199
194
132
352
351
126
60
72
160
129
8
9
10
44
184
169
124
112
254
28
175
299
151
62
164
301
347
359
159
91
25
309
48
174
105
262
232
336
168
27
161
130
128
181
156
110
253
233
255
188
59
205
227
223
219
93
186
193
197
155
176
85
133
38
149
88
240
302
158
70
37
157
97
119
121
180
81
178
270
163
162
100
29
102
207
360
296
340
69
318
294
320
202
61
13
3
293
87
74
187
89
334
76
82
2
14
190
106
107
111
319
311
308
98
321
327
292
103
206
131
135
96
86
79
54
242
243
251
185
182
73
172
171
322
179
173
195
55
26
114
109
323
333
53
47
83
33
183
71
32
39
80
166
56
20
68
41
57
94
67
63
65
16
19
17
40
77
78
167
170
165
75
90
66
64
58
189
177
196
203
21
22
23
24
