171
175
170
167
165
172
162
174
236
134
168
181
250
238
176
163
254
205
234
186
187
166
180
385
235
194
261
256
239
255
233
133
132
157
240
173
371
177
169
203
158
164
150
270
161
206
24
195
333
202
185
131
237
182
136
64
334
196
323
321
156
22
21
344
135
183
189
129
322
151
159
190
336
155
204
253
357
66
23
351
364
26
262
320
271
65
149
25
249
57
345
188
141
179
68
231
375
355
251
372
105
260
352
178
242
361
63
347
335
382
98
61
20
290
359
232
374
193
58
328
377
138
109
148
272
257
139
55
363
147
184
362
67
264
160
241
152
130
243
126
27
379
116
273
367
312
369
198
114
354
207
110
378
143
19
199
269
197
90
353
263
16
75
248
94
381
365
338
373
153
191
313
32
200
274
383
56
275
99
384
337
39
370
122
356
376
294
266
28
230
106
96
358
137
360
329
154
201
318
339
332
127
252
117
342
386
350
283
76
145
12
88
17
330
300
91
309
54
346
70
293
282
258
387
208
319
102
380
30
296
87
79
247
277
128
40
103
340
348
74
60
47
41
343
80
81
228
301
368
324
53
211
52
331
100
285
281
146
303
123
295
48
82
304
245
224
29
144
36
71
73
327
115
14
326
83
18
93
246
37
244
78
124
366
35
292
77
13
299
38
108
278
276
302
222
265
142
388
267
111
291
212
89
69
44
62
33
325
84
86
97
289
259
268
214
72
85
192
125
107
284
215
349
15
311
310
113
229
104
140
112
120
221
391
308
59
213
2
119
3
316
92
51
34
280
298
297
118
341
31
46
95
315
101
50
42
220
223
219
43
225
286
227
314
288
216
307
287
121
210
279
11
209
317
226
392
4
394
49
45
0
10
8
9
306
389
1
217
397
390
393
218
5
305
398
395
403
402
399
6
405
410
430
396
7
407
404
427
440
433
434
439
406
426
422
432
428
408
411
423
435
414
420
425
409
421
452
424
431
400
453
412
417
441
401
429
451
438
437
443
415
454
450
455
436
418
456
442
416
460
419
413
458
444
459
445
462
449
457
447
446
482
494
448
470
492
490
461
497
501
493
495
491
496
489
467
502
486
487
498
463
478
468
488
480
471
485
466
469
503
464
505
500
481
499
483
484
475
513
506
507
472
473
479
465
512
477
515
476
509
508
511
504
519
534
535
532
530
525
514
510
518
529
523
528
517
474
533
527
522
524
520
536
526
540
516
531
538
541
553
539
521
537
554
588
555
550
548
552
584
551
544
595
587
545
583
542
590
593
596
543
546
591
606
556
594
586
592
589
549
577
582
557
597
612
616
600
602
607
608
581
585
610
613
547
598
609
559
1005
558
574
564
995
1004
971
614
1003
987
1006
563
567
580
611
605
997
615
561
601
576
562
569
1001
603
985
970
974
565
618
998
996
566
604
986
1002
560
973
994
914
976
568
1000
620
619
599
977
575
915
908
980
573
969
578
571
983
968
972
988
999
989
579
913
906
570
954
572
981
916
957
990
959
621
961
953
627
993
992
967
834
958
895
956
903
632
951
890
991
965
911
904
975
617
960
978
984
631
909
622
982
900
910
626
907
952
888
901
979
918
630
966
942
625
955
633
964
894
623
963
897
950
948
941
962
927
628
949
917
933
934
929
930
935
926
912
867
947
882
685
896
905
944
624
898
902
686
655
884
936
889
696
629
940
697
835
928
687
828
879
698
939
893
656
946
833
899
688
827
676
689
923
945
672
836
885
851
937
829
938
634
932
924
943
837
871
673
877
875
841
922
654
671
880
668
859
775
830
869
886
870
677
873
887
826
849
813
645
839
891
663
868
925
644
647
881
662
695
931
660
763
842
860
815
919
892
692
872
840
790
876
675
920
820
679
858
694
814
883
659
638
701
678
832
684
850
874
782
844
674
699
664
646
921
819
669
854
865
637
691
649
809
831
791
843
808
848
665
670
735
799
667
781
878
635
693
657
776
683
857
761
653
712
845
789
805
643
680
661
708
713
855
700
711
772
658
838
636
648
783
788
709
806
856
682
812
765
825
801
702
771
723
767
666
778
853
731
707
733
800
706
732
807
816
866
762
862
792
822
652
651
736
764
852
760
703
768
821
650
861
802
759
690
705
823
681
639
734
730
710
780
824
785
863
784
738
766
818
787
847
754
719
722
795
755
704
811
758
804
817
640
756
642
793
753
777
797
794
721
786
774
751
810
737
798
803
714
715
729
796
717
846
725
641
864
724
716
720
726
752
769
779
770
727
740
757
718
742
749
739
745
747
748
750
744
746
741
773
728
743
