748
744
747
750
739
773
745
746
741
749
728
742
718
757
740
727
770
779
752
769
743
726
720
715
729
716
714
751
810
796
864
797
786
803
724
717
774
798
721
794
722
737
795
846
753
755
793
777
811
733
725
800
641
704
730
719
754
766
706
734
710
784
642
787
738
817
818
852
764
758
639
707
756
681
690
780
705
847
731
640
767
804
760
771
723
768
863
824
759
666
736
778
703
823
732
651
785
802
801
861
702
853
650
816
765
807
792
825
652
821
788
683
762
866
862
812
700
682
713
643
680
761
806
856
661
857
772
799
709
711
783
708
657
855
845
789
648
776
712
735
636
805
822
667
670
658
665
653
635
878
838
693
781
664
699
674
646
865
809
844
691
921
649
637
678
858
791
854
850
669
782
638
831
848
819
874
808
701
679
832
684
883
843
659
694
820
814
881
662
920
790
925
872
675
876
842
931
647
840
695
868
668
813
826
645
673
815
875
880
873
660
859
671
887
849
763
644
919
775
839
677
877
870
692
886
869
892
663
871
891
860
922
654
830
841
836
945
672
837
885
828
923
689
676
851
943
827
879
924
928
688
939
698
932
937
833
941
687
933
867
948
962
893
835
634
946
938
899
950
949
656
927
829
897
930
936
926
902
940
929
696
884
686
628
655
912
934
896
898
697
889
935
944
624
882
905
629
685
947
963
917
955
625
964
633
623
942
630
901
966
952
894
888
918
979
907
626
910
951
632
965
991
911
900
903
890
982
622
909
984
967
627
992
958
631
834
953
895
978
956
993
960
621
617
975
904
959
961
990
972
957
988
916
981
968
999
989
579
572
954
570
983
571
913
906
980
578
573
969
915
619
908
575
977
914
599
976
560
620
994
1000
973
568
604
1002
566
618
996
565
985
974
970
986
603
998
1003
605
1001
615
614
997
561
569
611
971
562
987
601
576
580
1006
567
1004
563
995
564
602
574
607
581
598
585
600
613
608
547
609
559
1005
616
610
558
612
589
549
597
592
557
586
594
577
582
556
606
543
596
546
590
593
591
542
545
583
587
544
595
551
584
552
548
550
555
588
554
537
521
539
553
541
538
531
516
540
526
536
520
524
522
527
533
474
517
523
528
529
518
510
514
525
530
532
535
534
519
504
511
509
508
476
515
477
512
465
479
472
473
507
506
513
475
484
483
499
481
500
505
464
503
469
466
485
471
488
480
468
478
463
498
487
486
502
467
489
491
496
495
493
501
497
461
490
492
470
448
494
482
446
447
457
462
449
445
459
444
458
413
419
460
416
442
418
456
436
455
450
454
415
438
443
437
451
429
401
441
417
412
453
431
400
424
409
421
452
425
414
420
435
423
433
434
411
439
408
432
406
422
426
440
428
427
404
407
7
396
403
430
410
405
399
6
402
395
398
305
390
393
5
217
397
218
9
8
389
10
1
306
0
219
279
226
317
11
49
394
209
45
392
4
43
297
287
101
298
216
308
221
119
120
3
118
59
104
2
213
280
50
210
121
42
286
85
302
15
92
391
265
225
227
31
112
316
140
51
142
229
267
95
341
72
192
268
349
315
388
214
314
113
311
222
310
307
46
34
288
107
276
220
125
223
108
215
53
111
259
84
278
14
97
86
115
52
69
146
81
71
228
284
368
144
33
13
327
77
303
281
224
319
62
12
299
89
350
36
292
93
29
289
18
387
325
37
282
246
283
291
338
324
285
78
211
48
82
73
44
326
212
380
208
38
245
123
100
309
124
295
366
83
40
244
258
54
331
304
128
356
35
301
296
70
137
360
80
343
386
145
74
76
348
376
373
88
266
346
247
293
17
30
117
340
342
103
91
329
41
275
300
365
294
79
47
39
277
102
358
96
60
337
122
370
87
153
330
28
269
312
154
197
339
56
75
381
369
191
106
273
332
252
201
116
130
99
152
367
127
318
384
19
274
263
383
90
313
198
199
200
230
32
193
94
379
232
207
139
353
248
110
355
126
257
147
148
138
143
184
58
114
243
378
16
55
363
362
375
328
231
354
272
67
251
347
374
27
264
359
377
160
241
109
382
179
98
68
61
63
335
290
361
372
196
345
23
20
25
178
260
351
323
271
65
57
357
156
364
344
105
334
141
320
26
149
21
262
352
249
188
242
66
64
182
183
136
190
129
239
135
237
204
253
321
151
22
322
336
159
195
171
189
155
256
166
150
261
235
194
157
185
133
333
233
371
132
202
255
131
173
180
240
177
206
158
385
24
161
164
169
270
187
203
186
234
175
205
176
254
168
181
163
250
238
134
174
170
165
236
167
162
172
