88
89
59
332
41
54
90
71
83
74
55
75
345
309
293
356
354
327
292
318
294
319
351
355
333
323
357
278
352
312
313
326
346
340
325
320
321
84
69
87
96
382
336
334
335
339
300
51
36
80
82
310
347
70
73
86
360
296
362
60
380
364
358
283
290
328
104
56
37
93
337
46
47
53
97
79
85
52
261
231
363
344
105
25
62
38
102
39
32
35
42
43
375
255
359
361
235
254
236
240
270
383
374
366
324
291
322
233
234
338
48
76
44
26
110
315
378
353
350
368
34
91
50
49
45
369
257
229
258
331
27
108
30
18
282
220
12
92
31
385
371
367
365
343
295
304
285
342
281
287
341
284
94
65
57
218
29
61
28
40
78
33
77
266
272
222
275
250
256
16
314
103
81
72
246
265
245
168
164
173
271
267
241
152
151
161
379
377
381
166
175
174
194
186
169
307
370
376
372
274
268
221
188
205
21
24
195
206
23
22
299
303
301
187
58
66
64
232
262
260
190
298
316
297
317
183
189
203
305
330
329
215
252
244
286
288
289
306
259
214
109
98
237
238
239
273
193
197
207
196
177
106
114
199
202
179
384
279
280
133
142
132
136
150
134
129
123
264
216
349
139
137
158
230
247
68
67
63
155
160
156
263
249
171
172
224
269
253
243
251
242
308
302
311
165
170
167
130
157
162
163
111
107
100
112
131
149
135
276
348
277
117
128
127
180
181
176
228
225
213
159
141
138
115
99
116
217
226
204
198
119
121
227
223
219
20
17
19
118
125
120
126
124
122
144
143
148
386
387
373
95
113
101
146
147
145
15
14
201
200
184
2
3
13
182
185
178
248
191
208
192
212
209
391
388
154
140
153
394
400
5
4
1
0
7
6
211
210
397
11
10
9
8
392
399
389
402
398
395
390
393
401
396
427
428
423
430
440
425
426
433
422
409
434
439
432
421
408
420
424
431
441
429
435
417
411
415
406
407
410
405
403
404
412
418
414
456
446
451
454
453
452
450
436
442
455
443
444
449
445
438
437
447
457
448
413
416
419
460
458
462
459
496
501
497
491
492
463
461
482
495
493
498
502
486
500
494
489
485
487
481
503
483
467
471
470
490
488
480
468
465
469
466
477
484
479
464
475
478
472
474
476
473
510
505
506
504
519
499
509
513
515
507
512
508
534
511
525
530
532
535
533
529
517
514
518
527
528
526
523
541
531
522
520
536
524
516
540
538
537
521
539
542
543
544
553
556
554
550
551
548
555
552
546
585
545
549
547
557
558
588
584
587
596
590
591
565
566
569
561
564
563
560
559
562
601
594
589
595
598
597
602
586
592
971
970
987
593
606
582
583
610
600
621
570
579
568
567
581
612
608
609
1004
1005
1003
622
575
599
604
605
611
580
576
615
634
613
616
974
577
607
973
999
980
1001
1006
958
952
982
574
632
572
630
998
997
968
614
603
618
619
578
620
909
904
910
985
986
571
908
896
898
879
988
984
995
897
959
894
625
917
936
912
631
942
926
918
656
654
655
617
627
623
573
628
891
782
892
964
882
867
629
633
626
624
996
953
989
975
956
967
955
979
978
990
991
949
916
915
977
814
858
808
994
1002
969
1000
834
960
789
788
791
881
826
883
824
822
823
976
972
983
993
762
759
758
981
951
992
957
929
899
890
895
911
962
914
768
781
765
764
948
939
944
961
772
811
818
817
950
753
761
760
767
771
766
954
828
769
937
938
940
928
756
763
757
869
837
830
752
751
754
750
906
965
888
934
941
876
874
931
868
790
799
740
742
741
662
644
669
893
747
749
748
907
935
927
933
679
674
678
739
736
737
875
905
913
901
903
902
871
924
793
787
886
966
884
795
796
746
744
785
797
783
774
770
833
841
835
755
743
745
816
800
802
723
730
732
710
731
652
792
947
686
687
798
810
786
784
889
930
877
900
854
843
661
664
657
878
794
801
813
836
946
963
943
932
885
711
853
838
855
829
809
673
682
850
856
866
825
819
689
820
807
846
852
865
857
735
727
665
804
864
705
706
704
722
643
671
663
775
777
832
815
712
667
668
660
831
860
847
840
812
697
696
676
688
805
862
872
922
773
851
839
842
849
778
779
685
861
776
780
844
887
672
921
919
653
700
709
863
734
821
923
920
945
642
806
827
880
873
925
803
859
870
681
690
717
848
845
733
715
640
719
659
647
646
670
645
693
637
638
713
708
699
684
683
721
729
641
677
675
691
649
666
738
680
718
635
636
695
694
725
658
726
698
648
720
728
707
716
724
639
703
701
714
692
650
651
702
